image_width: 800
image_height: 600
camera_name: narrow_stereo
camera_matrix:
  rows: 3
  cols: 3
  data: [836.5952 ,   0.     , 400.996  ,
           0.     , 806.51209, 370.44786,
           0.     ,   0.     ,   1.     ]
distortion_model: plumb_bob
distortion_coefficients:
  rows: 1
  cols: 5
  data: [-0.353405, 0.143241, -0.029738, -0.000127, 0.000000]
rectification_matrix:
  rows: 3
  cols: 3
  data: [1., 0., 0.,
         0., 1., 0.,
         0., 0., 1.]
projection_matrix:
  rows: 3
  cols: 4
  data: [766.79846,   0.     , 400.5833 ,   0.     ,
           0.     , 772.33124, 365.63489,   0.     ,
           0.     ,   0.     ,   1.     ,   0.     ]
